function [cl,cd]=computeClCd(alpha,M)

    %Uses data extracted from Xflr5
    %At Re=2.4e6 and M=0.5;

%   load Data_xflr_file;
    
aClaCd =1e3*[...
  -1.000000000000000                   0  -0.180000000000000                   0
  -1.000000000000000                   0  -0.090000000000000   0.001000000000000
  -1.000000000000000                   0  -0.089500000000000   0.001000033055168
  -1.000000000000000                   0  -0.089000000000000   0.001000129942582
  -1.000000000000000                   0  -0.088500000000000   0.001000287245103
  -1.000000000000000                   0  -0.088000000000000   0.001000501545594
  -1.000000000000000                   0  -0.087500000000000   0.001000769426917
  -1.000000000000000                   0  -0.087000000000000   0.001001087471934
  -1.000000000000000                   0  -0.086500000000000   0.001001452263509
  -1.000000000000000                   0  -0.086000000000000   0.001001860384502
  -1.000000000000000                   0  -0.085500000000000   0.001002308417778
  -1.000000000000000                   0  -0.085000000000000   0.001002792946197
  -1.000000000000000                   0  -0.084500000000000   0.001003310552623
  -1.000000000000000                   0  -0.084000000000000   0.001003857819918
  -1.000000000000000                   0  -0.083500000000000   0.001004431330943
  -1.000000000000000                   0  -0.083000000000000   0.001005027668563
  -1.000000000000000                   0  -0.082500000000000   0.001005643415638
  -1.000000000000000                   0  -0.082000000000000   0.001006275155031
  -1.000000000000000                   0  -0.081500000000000   0.001006919469605
  -1.000000000000000                   0  -0.081000000000000   0.001007572942222
  -1.000000000000000                   0  -0.080500000000000   0.001008232155745
  -1.000000000000000                   0  -0.080000000000000   0.001008893693035
  -1.000000000000000                   0  -0.079500000000000   0.001009554136955
  -1.000000000000000                   0  -0.079000000000000   0.001010210070367
  -1.000000000000000                   0  -0.078500000000000   0.001010858076135
  -1.000000000000000                   0  -0.078000000000000   0.001011494737119
  -1.000000000000000                   0  -0.077500000000000   0.001012116636184
  -1.000000000000000                   0  -0.077000000000000   0.001012720356190
  -1.000000000000000                   0  -0.076500000000000   0.001013302480000
  -1.000000000000000                   0  -0.076000000000000   0.001013859590477
  -1.000000000000000                   0  -0.075500000000000   0.001014388270483
  -1.000000000000000                   0  -0.075000000000000   0.001014885102881
  -1.000000000000000                   0  -0.074500000000000   0.001015346670532
  -1.000000000000000                   0  -0.074000000000000   0.001015769556299
  -1.000000000000000                   0  -0.073500000000000   0.001016150343045
  -1.000000000000000                   0  -0.073000000000000   0.001016485613632
  -1.000000000000000                   0  -0.072500000000000   0.001016771950922
  -1.000000000000000                   0  -0.072000000000000   0.001017005937778
  -1.000000000000000                   0  -0.071500000000000   0.001017184157061
  -1.000000000000000                   0  -0.071000000000000   0.001017303191635
  -1.000000000000000                   0  -0.070500000000000   0.001017359624362
  -1.000000000000000                   0  -0.070000000000000   0.001017350038104
  -1.000000000000000                   0  -0.069500000000000   0.001017271015723
  -1.000000000000000                   0  -0.069000000000000   0.001017119140082
  -1.000000000000000                   0  -0.068500000000000   0.001016890994044
  -1.000000000000000                   0  -0.068000000000000   0.001016583160469
  -1.000000000000000                   0  -0.067500000000000   0.001016192222222
  -1.000000000000000                   0  -0.067000000000000   0.001015714762164
  -1.000000000000000                   0  -0.066500000000000   0.001015147363158
  -1.000000000000000                   0  -0.066000000000000   0.001014486608066
  -1.000000000000000                   0  -0.065500000000000   0.001013729079750
  -1.000000000000000                   0  -0.065000000000000   0.001012871361073
  -1.000000000000000                   0  -0.064500000000000   0.001011910034897
  -1.000000000000000                   0  -0.064000000000000   0.001010841684085
  -1.000000000000000                   0  -0.063500000000000   0.001009662891498
  -1.000000000000000                   0  -0.063000000000000   0.001008370240000
  -1.000000000000000                   0  -0.062500000000000   0.001006960312452
  -1.000000000000000                   0  -0.062000000000000   0.001005429691718
  -1.000000000000000                   0  -0.061500000000000   0.001003774960658
  -1.000000000000000                   0  -0.061000000000000   0.001001992702137
  -1.000000000000000                   0  -0.060500000000000   0.001000079499015
  -1.000000000000000                   0  -0.060000000000000   0.000998031934156
  -1.000000000000000                   0  -0.059500000000000   0.000995846590422
  -1.000000000000000                   0  -0.059000000000000   0.000993520050675
  -1.000000000000000                   0  -0.058500000000000   0.000991048897778
  -1.000000000000000                   0  -0.058000000000000   0.000988429714592
  -1.000000000000000                   0  -0.057500000000000   0.000985659083981
  -1.000000000000000                   0  -0.057000000000000   0.000982733588807
  -1.000000000000000                   0  -0.056500000000000   0.000979649811931
  -1.000000000000000                   0  -0.056000000000000   0.000976404336217
  -1.000000000000000                   0  -0.055500000000000   0.000972993744527
  -1.000000000000000                   0  -0.055000000000000   0.000969414619723
  -1.000000000000000                   0  -0.054500000000000   0.000965663544667
  -1.000000000000000                   0  -0.054000000000000   0.000961737102222
  -1.000000000000000                   0  -0.053500000000000   0.000957631875251
  -1.000000000000000                   0  -0.053000000000000   0.000953344446615
  -1.000000000000000                   0  -0.052500000000000   0.000948871399177
  -1.000000000000000                   0  -0.052000000000000   0.000944209315799
  -1.000000000000000                   0  -0.051500000000000   0.000939354779345
  -1.000000000000000                   0  -0.051000000000000   0.000934304372675
  -1.000000000000000                   0  -0.050500000000000   0.000929054678653
  -1.000000000000000                   0  -0.050000000000000   0.000923602280140
  -1.000000000000000                   0  -0.049500000000000   0.000917943760000
  -1.000000000000000                   0  -0.049000000000000   0.000912075701094
  -1.000000000000000                   0  -0.048500000000000   0.000905994686286
  -1.000000000000000                   0  -0.048000000000000   0.000899697298436
  -1.000000000000000                   0  -0.047500000000000   0.000893180120408
  -1.000000000000000                   0  -0.047000000000000   0.000886439735065
  -1.000000000000000                   0  -0.046500000000000   0.000879472725267
  -1.000000000000000                   0  -0.046000000000000   0.000872275673879
  -1.000000000000000                   0  -0.045500000000000   0.000864845163762
  -1.000000000000000                   0  -0.045000000000000   0.000857177777778
  -1.000000000000000                   0  -0.044500000000000   0.000849270098790
  -1.000000000000000                   0  -0.044000000000000   0.000841118709660
  -1.000000000000000                   0  -0.043500000000000   0.000832720193251
  -1.000000000000000                   0  -0.043000000000000   0.000824071132425
